image: final.pgm
resolution: 0.030000
origin: [-0.330000, -0.210000, 0.000000]
negate: 0
occupied_thresh: 0.65
free_thresh: 0.196
angle_init: 0.000000

